16
23
42
45
52
60
61
62
88
148
172
177
196
199
210
211
217
235
276
283
312
336
343
373
382
391
412
426
431
451
468
474
481
484
497
511
525
528
534
545
555
559
619
638
639
657
674
685
688
740
771
783
809
816
818
840
850
855
880
886
897
899
903
907
921
928
942
967
985
987
1031
1037
1053
1058
1059
1063
1079
1082
1083
1086
1091
1098
1100
1115
1131
1133
1139
1143
1173
1182
1186
1190
1194
1268
1321
1329
1336
1360
1370
1391
1409
1413
1451
1466
1492
1506
1542
1553
1601
1614
1637
1655
1679
1701
1711
1717
1738
1752
1762
1795
1801
1813
1815
1819
1831
1856
1879
1984
1995
2027
2075
2082
2083
2098
2099
2130
2228
2255
2268
2281
2319
2339
2356
2359
2373
2414
2423
2425
2443
2468
2472
2479
2484
2501
2555
2557
2623
2637
2647
2649
2678
2694
2699
2702
2706
2713
2717
2726
2732
2736
2741
2744
2749
2760
2776
2824
2825
2841
2847
2877
2899
2904
2906
2924
2988
2991
2999
3014
3030
3034
3077
3095
3156
3162
3179
3202
3248
3277
3280
3287
3294
3312
3325
3326
3329
3343
3393
3402
3462
3489
3492
3499
3506
3533
3538
3543
3546
3577
3582
3588
3626
3646
3652
3658
3664
3671
3724
3742
3790
3797
3802
3819
3898
3960
4029
4039
4045
4051
4067
4073
4113
4115
4116
4135
4143
4144
4182
4209
4211
4233
4243
4283
4298
4361
4362
4367
4368
4371
4408
4463
4469
4484
4507
4524
4533
4537
4600
4651
4661
4689
4761
4762
4763
4764
4825
4869
4878
4886
4901
4977
4978
4984
4988
5029
5077
5078
5097
5126
5161
5168
5174
5176
5187
5194
5211
5218
5222
5282
5296
5307
5311
5312
5337
5361
5384
5400
5412
5415
5419
5430
5461
5464
5469
5483
5491
5504
5529
5531
5535
5551
5563
5570
5610
5613
5624
5630
5637
5639
5665
5670
5724
5731
5740
5751
5752
5818
5857
5883
5885
5948
5967
5994
6007
6019
6025
6039
6058
6060
6071
6105
6129
6135
6194
6213
6256
6263
6264
6265
6300
6326
6327
6337
6341
6345
6349
6351
6358
6363
6380
6392
6393
6412
6417
6427
6429
6477
6482
6520
6544
6580
6649
6706
6741
6745
6748
6761
6784
6802
6883
6925
6929
6963
6966
6980
7003
7009
7016
7017
7072
7083
7094
7150
7188
7210
7215
7235
7261
7262
7263
7269
7297
7315
7333
7341
7377
7385
7395
7399
7405
7409
7413
7420
7428
7434
7440
7441
7443
7447
7454
7456
7462
7480
7484
7492
7516
7534
7555
7586
7599
7622
7637
7667
7684
7698
7702
7707
7725
7728
7748
7752
7757
7760
7769
7795
7798
7805
7808
7811
7814
7822
7830
7837
7846
7847
7883
7896
7952
7967
7990
8005
8051
8063
8104
8105
8117
8134
8204
8209
8211
8217
8220
8228
8250
8251
8302
8307
8309
8311
8316
8322
8325
8331
8389
8391
8395
8432
8468
8486
8489
8502
8517
8518
8523
8530
8536
8547
8562
8595
8635
8636
8637
8639
8644
8662
8723
8731
8748
8759
8791
8795
8823
8840
8852
8881
8903
8906
8919
8939
8984
8992
8995
9022
9026
9051
9052
9053
9058
9062
9097
9108
9110
9112
9135
9163
9185
9188
9198
9229
9231
9237
9266
9269
9270
9286
9301
9313
9336
9337
9338
9343
9344
9353
9355
9369
9377
9400
9406
9418
9434
9444
9476
9505
9561
9562
9602
9615
9620
9632
9677
9705
9713
9716
9721
9725
9744
9746
9747
9752
9759
9772
9773
9776
9780
9787
9790
9816
9868
9925
9948
9960
9977
9983
9991
9994
9997
9998
10003
10014
10022
10024
10026
10028
10038
10064
10081
10099
10103
10124
10168
10201
10216
10217
10218
10246
10260
10266
10280
10288
10299
10306
10308
10323
10361
10379
10388
10391
10407
10409
10431
10449
10456
10500
10512
10518
10554
10566
10620
10648
10651
10671
10677
10682
10743
10746
10754
10760
10762
10770
10778
10791
10816
10819
10854
10906
10926
10933
10939
10958
10960
11025
11026
11030
11036
11040
11052
11055
11095
11110
11137
11165
11168
11179
11188
11205
11211
11217
11255
11274
11285
11308
11327
11339
11353
11357
11380
11391
11395
11401
11412
11435
11451
11464
11520
11521
11527
11533
11558
11610
11619
11623
11627
11649
11650
11709
11710
11717
11718
11729
11749
11756
11765
11787
11788
11795
11809
11810
11813
11817
11821
11846
11848
11903
11925
11934
11940
11943
11944
12002
12012
12070
12080
12093
12103
12107
12109
12143
12214
12235
12241
12270
12274
12276
12297
12322
12338
12339
12345
12351
12353
12354
12358
12389
12393
12394
12398
12401
12441
12509
12540
12577
12579
12592
12601
12658
12667
12690
12696
12721
12738
12748
12781
12812
12814
12843
12868
12946
12953
12969
12985
12995
13004
13097
13119
13130
13134
13152
13171
13174
13184
13230
13245
13281
13282
13290
13339
13343
13345
13367
13370
13388
13390
13397
13401
13402
13411
13478
13499
13524
13580
13621
13627
13669
13732
13753
13755
13795
13810
13837
13861
13865
13883
13933
13966
14002
14034
14041
14052
14053
14073
14099
14126
14138
14161
14179
14193
14230
14234
14235
14238
14278
14311
14318
14342
14357
14378
14386
14409
14452
14473
14488
14504
14509
14533
14583
14596
14622
14623
14650
14698
14699
14735
14828
14846
14862
14904
14913
14916
14917
14922
14960
14963
14975
14985
15005
15035
15041
15054
15066
15069
15081
15108
15114
15115
15145
15181
15220
15231
15273
15284
15296
15322
15326
15352
15353
15355
15381
15386
15393
15398
15401
15404
15407
15416
15459
15466
15468
15497
15498
15500
15516
15543
15545
15614
15644
15645
15656
15668
15673
15718
15722
15724
15752
15756
15764
15769
15827
15836
15838
15852
15857
15859
15885
15937
15959
15983
15986
15990
16022
16033
16067
16094
16096
16098
16108
16113
16259
16301
16324
16341
16355
16367
16385
16398
16399
16450
16469
16514
16517
16544
16568
16570
16594
16611
16613
16620
16637
16682
16687
16704
16735
16738
16763
16793
16817
16864
16873
16875
16897
16969
16972
16978
17041
17047
17058
17061
17064
17069
17108
17119
17174
17185
17189
17239
17256
17277
17293
17310
17405
17410
17430
17474
17477
17482
17483
17484
17495
17499
17523
17529
17545
17557
17563
17569
17573
17574
17576
17577
17581
17582
17583
17586
17590
17592
17700
17757
17767
17770
17771
17780
17891
17904
17909
17924
17974
17980
17988
18007
18012
18018
18026
18033
18035
18041
18046
18050
18051
18053
18067
18068
18099
18103
18127
18140
18141
18161
18169
18170
18177
18220
18228
18245
18297
18302
18310
18321
18342
18351
18367
18387
18393
18407
18452
18473
18547
18571
18602
18626
18627
18671
18686
18696
18698
18705
18707
18721
18722
18733
18740
18755
18761
18779
18781
18782
18791
18795
18820
18833
18846
18850
18878
18896
18902
18941
18962
18979
18991
18994
19016
19017
19041
19106
19173
19192
19212
19224
19267
19268
19283
19311
19325
19335
19339
19362
19408
19423
19432
19438
19440
19477
19478
19525
19529
19538
19548
19563
19576
19581
19588
19641
19670
19719
19723
19728
19750
19799
19806
19809
19862
19887
19893
19934
19947
19950
19982
19987
19994
19995
19999
20004
20006
20007
20009
20011
20025
20026
20029
20060
20111
20133
20144
20147
20159
20187
20217
20230
20235
20241
20242
20254
20284
20316
20351
20352
20354
20363
20367
20372
20373
20396
20403
20410
20411
20453
20459
20460
20500
20501
20547
20560
20583
20598
20627
20631
20634
20643
20651
20708
20720
20721
20724
20728
20733
20738
20743
20748
20765
20766
20770
20773
20787
20798
20803
20825
20830
20844
20868
20869
20878
20884
20885
20894
20906
20913
20915
20935
20944
20975
20997
20998
21002
21007
21008
21012
21017
21021
21030
21063
21071
21074
21088
21089
21098
21121
21125
21161
21162
21172
21193
21196
21197
21228
21238
21279
21283
21288
21291
21299
21324
21348
21362
21390
21430
21432
21439
21445
21461
21476
21483
21511
21523
21563
21568
21590
21599
21631
21669
21670
21707
21709
21719
21734
21756
21758
21773
21780
21781
21784
21787
21819
21834
21863
21878
21915
21941
21959
21982
21995
22022
22053
22054
22061
22068
22103
22115
22126
22152
22167
22172
22183
22201
22208
22214
22225
22243
22273
22282
22288
22303
22307
22317
22382
22397
22403
22489
22536
22540
22557
22584
22602
22615
22621
22675
22678
22704
22734
22737
22773
22835
22838
22860
22874
22890
22893
22911
22938
22941
22943
22990
23024
23051
23062
23077
23084
23102
23103
23104
23111
23112
23124
23211
23281
23305
23316
23345
23363
23392
23439
23440
23472
23502
23533
23543
23600
23613
23623
23630
23632
23636
23642
23664
23679
23700
23733
23762
23790
23847
23859
23868
23876
23887
23892
23907
23981
24002
24066
24085
24107
24125
24159
24196
24245
24251
24255
24267
24293
24302
24319
24327
24330
24362
24398
24412
24482
24493
24502
24523
24527
24550
24553
24558
24571
24602
24616
24622
24639
24662
24670
24714
24793
24818
24833
24842
24843
24861
24878
24909
24912
24931
24950
24989
25043
25044
25055
25112
25143
25162
25181
25189
25237
25244
25258
25291
25326
25328
25337
25344
25348
25349
25355
25360
25381
25396
25415
25420
25430
25442
25454
25458
25461
25524
25538
25544
25620
25649
25683
25684
25688
25701
25704
25706
25714
25723
25747
25772
25826
25854
25866
25871
25924
25941
25977
25996
26008
26041
26054
26059
26061
26081
26084
26104
26106
26150
26171
26174
26217
26219
26238
26239
26251
26254
26271
26275
26310
26312
26323
26324
26329
26360
26372
26375
26434
26444
26466
26505
26519
26526
26530
26550
26555
26599
26623
26673
26692
26701
26744
26751
26771
26807
26817
26840
26844
26845
26849
26856
26858
26885
26886
26926
26933
26949
26950
26965
26973
26977
27000
27003
27006
27018
27033
27081
27082
27086
27088
27090
27109
27119
27147
27152
27188
27242
27244
27264
27286
27288
27299
27320
27337
27348
27369
27381
27462
27478
27491
27545
27550
27559
27570
27571
27583
27585
27605
27642
27645
27666
27685
27688
27700
27701
27808
27810
27817
27819
27918
28003
28015
28046
28048
28096
28155
28156
28168
28205
28227
28254
28270
28272
28289
28336
28343
28344
28346
28355
28357
28359
28388
28402
28416
28427
28435
28454
28455
28475
28476
28491
28495
28503
28551
28572
28582
28583
28586
28589
28625
28641
28665
28672
28713
28723
28779
28795
28804
28823
28835
28842
28843
28925
28949
28952
28955
28991
29001
29016
29021
29022
29023
29056
29061
29079
29081
29138
29142
29151
29153
29154
29169
29206
29207
29221
29235
29238
29244
29279
29289
29293
29302
29304
29310
29314
29346
29375
29376
29392
29405
29418
29426
29444
29465
29467
29476
29484
29490
29491
29492
29493
29496
29500
29501
29521
29522
29523
29530
29537
29538
29542
29589
29596
29601
29626
29629
29630
29640
29648
29651
29665
29668
29712
29727
29730
29735
29743
29748
29758
29763
29775
29777
29780
29781
29794
29795
29828
29843
29848
29853
29864
29867
29886
29900
29916
29917
29920
29925
29944
29945
29967
29969
29984
29989
29996
30049
30057
30067
30071
30081
30091
30108
30109
30117
30132
30140
30188
30212
30242
30291
30313
30315
30316
30322
30338
30375
30381
30402
30404
30435
30447
30461
30462
30470
30476
30488
30497
30504
30508
30511
30520
30522
30523
30533
30548
30552
30571
30574
30575
30585
30624
30626
30634
30659
30666
30673
30705
30718
30725
30736
30740
30762
30769
30807
30809
30822
30826
30836
30856
30870
30874
30892
30895
30902
30910
30913
30946
30951
30961
30989
30991
30995
31006
31007
31072
31089
31100
31107
31109
31135
31147
31183
31188
31197
31247
31252
31264
31293
31296
31310
31321
31336
31372
31378
31392
31393
31396
31400
31409
31425
31434
31445
31452
31466
31482
31499
31516
31519
31556
31560
31562
31580
31660
31661
31670
31673
31715
31717
31738
31739
31752
31756
31772
31775
31813
31850
31858
31875
31890
31950
32008
32010
32027
32034
32054
32058
32080
32100
32154
32162
32194
32207
32218
32226
32231
32232
32319
32369
32392
32437
32454
32497
32524
32536
32538
32549
32552
32553
32582
32587
32597
32605
32611
32616
32639
32651
32653
32713
32720
32731
32737
32746
32776
32786
32790
32793
32816
32837
32845
32850
32854
33007
33013
33079
33089
33090
33179
33226
33248
33258
33263
33274
33278
33293
33295
33335
33339
33389
33399
33409
33415
33418
33433
33448
33460
33551
33571
33592
33637
33685
33701
33731
33781
33810
33818
33825
33829
33836
33853
33854
33864
33866
33872
33879
33888
33961
33980
33993
34020
34043
34048
34060
34093
34113
34132
34163
34176
34180
34186
34191
34249
34254
34255
34257
34303
34305
34310
34361
34394
34406
34415
34417
34418
34419
34426
34428
34436
34473
34474
34530
34536
34542
34546
34555
34558
34617
34622
34636
34674
34689
34714
34738
34745
34763
34773
34788
34803
34809
34816
34817
34818
34845
34868
34875
34877
34943
34951
34960
34962
34964
34969
34988
34999
35019
35031
35032
35044
35052
35061
35090
35110
35116
35117
35123
35148
35152
35161
35171
35174
35184
35193
35197
35213
35223
35236
35268
35281
35299
35306
35315
35328
35375
35389
35409
35450
35463
35468
35471
35477
35501
35511
35517
35548
35562
35563
35573
35614
35616
35628
35662
35666
35677
35687
35689
35694
35706
35713
35765
35773
35782
35785
35838
35886
35906
35907
35930
35940
35943
35987
35999
36011
36043
36047
36052
36055
36060
36066
36073
36085
36106
36117
36147
36171
36180
36185
36203
36204
36230
36233
36241
36254
36301
36304
36325
36328
36343
36372
36374
36392
36405
36407
36412
36413
36429
36432
36443
36461
36463
36470
36530
36534
36560
36616
36673
36695
36709
36711
36725
36729
36742
36743
36761
36764
36777
36828
36836
36848
36853
36863
36878
36909
36927
36929
36946
36994
37010
37016
37038
37040
37089
37090
37095
37128
37147
37215
37234
37273
37291
37298
37324
37326
37357
37384
37386
37459
37510
37517
37519
37563
37566
37573
37595
37596
37597
37598
37613
37617
37636
37646
37647
37650
37660
37669
37690
37691
37710
37722
37729
37752
37761
37790
37813
37861
37873
37874
37881
37897
37907
37913
37922
37924
37929
37931
37948
37951
37952
37957
37960
37986
38018
38020
38024
38027
38033
38040
38106
38141
38152
38158
38159
38160
38162
38166
38183
38184
38203
38213
38223
38235
38273
38277
38295
38310
38331
38334
38353
38392
38412
38418
38438
38441
38458
38461
38467
38508
38515
38528
38533
38537
38538
38551
38553
38560
38565
38617
38619
38638
38659
38672
38714
38715
38722
38728
38751
38758
38772
38779
38797
38838
38848
38852
38864
38922
38927
38932
38943
38951
38958
38983
39004
39034
39082
39105
39109
39138
39155
39156
39168
39169
39176
39216
39236
39238
39239
39240
39250
39254
39259
39304
39336
39345
39353
39442
39443
39451
39539
39572
39627
39652
39658
39668
39669
39718
39734
39740
39748
39759
39760
39763
39770
39772
39780
39799
39802
39825
39831
39841
39842
39858
39895
39923
39924
39936
39960
39961
39970
39989
39990
39991
39993
40001
40018
40027
40050
40057
40068
40069
40075
40118
40141
40148
40153
40159
40188
40189
40209
40215
40216
40245
40270
40273
40346
40358
40368
40372
40384
40425
40427
40441
40453
40469
40495
40498
40533
40534
40545
40599
40609
40620
40634
40639
40663
40697
40699
40741
40744
40749
40775
40804
40833
40835
40853
40854
40856
40861
40864
40865
40870
40909
40910
40920
40929
40978
40988
41007
41011
41017
41034
41035
41036
41051
41068
41108
41160
41185
41213
41231
41278
41292
41293
41304
41310
41313
41361
41375
41397
41402
41426
41433
41435
41436
41471
41484
41558
41596
41627
41645
41657
41665
41683
41687
41756
41762
41765
41771
41772
41829
41830
41847
41873
41884
41953
41978
41987
41988
41992
42023
42030
42048
42058
42069
42082
42090
42102
42116
42119
42185
42198
42199
42218
42224
42277
42408
42420
42427
42447
42456
42457
42474
42483
42486
42488
42489
42496
42499
42501
42504
42509
42515
42526
42528
42529
42538
42543
42559
42583
42630
42632
42633
42654
42676
42686
42705
42711
42725
42743
42751
42761
42762
42775
42790
42852
42867
42926
42933
42949
42954
42959
42960
42961
42962
42974
42975
42986
43005
43016
43021
43047
43053
43055
43078
43112
43121
43149
43186
43196
43198
43209
43212
43230
43237
43254
43274
43285
43301
43309
43310
43314
43332
43345
43355
43376
43388
43389
43396
43414
43446
43451
43456
43472
43476
43524
43550
43599
43605
43607
43709
43716
43745
43754
43756
43759
43782
43783
43794
43799
43901
43908
43928
43939
43948
43955
43981
44028
44079
44082
44094
44121
44124
44132
44156
44162
44205
44214
44261
44278
44308
44336
44347
44365
44366
44368
44382
44383
44390
44392
44397
44439
44450
44492
44493
44549
44554
44559
44560
44564
44566
44589
44611
44620
44623
44647
44660
44668
44688
44690
44694
44729
44740
44760
44762
44802
44815
44829
44845
44846
44884
44891
44896
44898
44914
44918
44946
44968
44970
44990
44994
45009
45012
45100
45102
45178
45195
45198
45238
45240
45244
45248
45308
45319
45337
45345
45356
45364
45374
45377
45420
45450
45495
45515
45527
45543
45559
45574
45648
45681
45683
45687
45689
45691
45719
45723
45761
45770
45802
45823
45824
45834
45839
45844
45848
45849
45851
45854
45855
45864
45881
45884
45886
45917
45925
45932
45940
45950
45975
45984
46009
46034
46040
46043
46044
46061
46127
46133
46146
46159
46180
46183
46190
46191
46211
46226
46228
46237
46254
46280
46297
46298
46309
46336
46341
46348
46352
46375
46377
46389
46390
46402
46416
46417
46419
46428
46443
46444
46490
46513
46521
46531
46534
46545
46609
46612
46617
46637
46682
46714
46716
46745
46783
46790
46836
46842
46850
46851
46860
46862
46889
46890
46897
46901
46904
46915
46949
46954
46972
46976
46977
46982
46985
46997
47019
47026
47028
47031
47060
47089
47091
47101
47118
47122
47137
47154
47174
47177
47184
47193
47241
47265
47276
47297
47303
47311
47317
47334
47353
47372
47373
47380
47408
47440
47449
47463
47473
47485
47553
47570
47619
47638
47642
47653
47691
47694
47702
47722
47740
47758
47771
47774
47794
47807
47813
47823
47849
47857
47861
47862
47871
47883
47890
47903
47926
47928
47932
47935
47938
47941
47954
47959
47961
47984
47986
47997
47999
48045
48062
48093
48103
48113
48125
48152
48162
48176
48180
48184
48210
48294
48300
48333
48338
48354
48385
48418
48434
48443
48449
48459
48473
48493
48509
48540
48565
48571
48584
48597
48598
48599
48616
48618
48635
48662
48665
48680
48690
48695
48697
48715
48719
48728
48732
48747
48795
48888
48896
48931
48937
48990
49032
49051
49089
49107
49131
49150
49169
49204
49222
49241
49254
49280
49283
49287
49293
49297
49308
49313
49321
49325
49331
49340
49369
49372
49381
49382
49405
49412
49419
49451
49457
49479
49497
49530
49597
49607
49628
49649
49651
49660
49674
49754
49774
49804
49826
49849
49894
49895
49931
49970
49977
49987
50026
50035
50086
50093
50117
50133
50187
50191
50193
50220
50232
50261
50262
50281
50288
50289
50292
50314
50316
50322
50329
50345
50359
50373
50391
50403
50427
50501
50519
50536
50546
50563
50592
50600
50648
50677
50682
50690
50776
50813
50823
50833
50871
50896
50911
50932
50946
51012
51021
51033
51035
51083
51085
51111
51126
51130
51159
51178
51224
51239
51258
51261
51281
51306
51354
51408
51447
51504
51508
51519
51532
51570
51575
51591
51595
51596
51600
51603
51605
51610
51615
51658
51659
51687
51710
51723
51741
51780
51797
51821
51831
51863
51864
51879
51890
51892
51918
51966
51971
51983
52003
52034
52048
52062
52073
52103
52131
52163
52166
52169
52218
52230
52256
52346
52370
52390
52396
52415
52482
52496
52505
52506
52557
52609
52640
52706
52712
52714
52718
52722
52758
52760
52767
52770
52798
52908
52912
52922
52933
52937
52950
52965
53044
53069
53074
53111
53114
53134
53159
53181
53200
53222
53223
53224
53232
53253
53272
53281
53295
53296
53339
53342
53349
53356
53372
53384
53415
53421
53429
53449
53463
53468
53470
53485
53514
53525
53547
53560
53580
53615
53629
53648
53653
53683
53694
53695
53696
53738
53752
53789
53798
53830
53845
53846
53856
53906
53961
54005
54028
54029
54056
54080
54101
54102
54108
54127
54175
54191
54195
54196
54201
54204
54209
54306
54307
54315
54369
54377
54384
54399
54407
54418
54424
54445
54467
54485
54534
54543
54567
54593
54613
54627
54631
54634
54653
54681
54736
54761
54762
54763
54782
54784
54788
54790
54799
54817
54825
54828
54830
54839
54843
54862
54863
54875
54895
54905
54926
54972
54975
54986
54988
54994
55002
55015
55016
55071
55073
55078
55099
55169
55188
55221
55229
55237
55242
55259
55264
55266
55287
55296
55305
55324
55325
55331
55347
55363
55382
55398
55407
55409
55410
55412
55427
55454
55466
55491
55541
55548
55629
55662
55666
55677
55687
55691
55713
55717
55748
55759
55794
55836
55854
55856
55858
55890
55919
55920
55921
55923
55957
56012
56017
56053
56086
56121
56127
56128
56129
56132
56143
56156
56177
56208
56226
56232
56237
56242
56245
56272
56283
56301
56304
56306
56389
56411
56429
56459
56474
56479
56483
56486
56490
56498
56504
56507
56513
56515
56554
56566
56576
56580
56621
56627
56632
56633
56649
56655
56711
56712
56720
56727
56734
56735
56745
56751
56779
56783
56792
56794
56798
56810
56811
56812
56818
56935
56971
57035
57082
57084
57109
57121
57135
57138
57141
57174
57183
57185
57189
57192
57194
57197
57207
57212
57214
57219
57275
57352
57356
57358
57364
57380
57381
57395
57400
57425
57445
57467
57472
57473
57480
57488
57490
57497
57503
57508
57512
57516
57517
57529
57537
57539
57558
57560
57562
57575
57584
57596
57641
57650
57661
57666
57669
57675
57684
57698
57722
57739
57747
57748
57771
57806
57813
57815
57816
57830
57852
57854
57880
57907
57910
57942
57943
57948
57954
57969
57981
57986
58005
58066
58071
58072
58113
58166
58192
58211
58237
58257
58269
58282
58335
58347
58350
58371
58375
58386
58393
58404
58431
58451
58458
58469
58504
58508
58526
58534
58539
58565
58579
58592
58604
58610
58622
58663
58705
58708
58715
58740
58744
58750
58756
58759
58762
58764
58780
58806
58826
58854
58867
58891
58900
58906
58912
58925
58933
58936
58944
58951
58955
58960
58963
58971
58973
58981
58995
59007
59015
59019
59065
59098
59123
59158
59187
59220
59224
59235
59237
59243
59266
59325
59326
59375
59391
59399
59409
59410
59421
59422
59437
59454
59455
59462
59489
59492
59503
59517
59531
59542
59561
59577
59589
59623
59631
59699
59707
59729
59760
59763
59764
59767
59770
59772
59775
59804
59808
59837
59842
59852
59854
59861
59883
59886
59895
59905
59944
59946
59949
59950
59962
59996
60024
60062
60066
60123
60131
60140
60152
60156
60164
60204
60298
60327
60353
60354
60363
60373
60385
60404
60436