5
15
18
24
29
38
40
68
71
76
89
106
115
158
184
194
232
238
253
254
278
279
282
302
313
324
329
335
376
383
390
396
407
410
413
434
472
490
492
597
609
621
632
633
653
671
672
689
715
718
729
736
754
801
807
813
852
861
875
892
898
904
940
966
981
982
1035
1036
1064
1074
1077
1101
1120
1123
1135
1142
1163
1174
1222
1223
1232
1236
1267
1274
1279
1283
1290
1311
1323
1349
1375
1376
1421
1423
1435
1444
1471
1472
1476
1485
1486
1530
1538
1572
1576
1582
1586
1589
1597
1608
1610
1611
1617
1618
1674
1694
1706
1720
1769
1781
1785
1788
1791
1794
1802
1821
1851
1882
1883
1888
1924
1934
1952
2043
2100
2106
2117
2121
2128
2133
2142
2143
2176
2195
2196
2207
2241
2249
2260
2267
2285
2288
2311
2321
2323
2381
2429
2462
2491
2510
2513
2531
2543
2565
2591
2596
2613
2620
2671
2696
2746
2747
2761
2771
2772
2783
2826
2827
2854
2857
2882
2929
2971
2998
3024
3036
3038
3052
3057
3059
3061
3091
3110
3124
3128
3178
3195
3206
3212
3213
3239
3244
3255
3267
3297
3330
3359
3363
3368
3380
3407
3411
3455
3470
3483
3521
3545
3547
3581
3602
3639
3655
3670
3705
3714
3747
3799
3835
3876
3920
3921
3938
3961
3990
3991
3995
4000
4002
4023
4035
4042
4048
4056
4084
4085
4097
4102
4103
4131
4155
4195
4234
4242
4328
4341
4356
4363
4410
4416
4417
4428
4432
4449
4478
4502
4503
4558
4559
4563
4568
4577
4581
4583
4585
4596
4639
4642
4668
4760
4773
4791
4799
4851
4855
4860
4862
4873
4875
4900
4912
4933
4957
4971
4987
5003
5011
5067
5069
5085
5087
5094
5107
5113
5129
5135
5139
5150
5167
5195
5202
5241
5250
5262
5289
5297
5372
5387
5439
5449
5453
5456
5466
5472
5495
5508
5512
5557
5577
5597
5615
5634
5640
5654
5680
5687
5688
5689
5726
5739
5755
5758
5762
5799
5802
5803
5810
5825
5844
5851
5855
5869
5894
5908
5936
5941
6022
6030
6050
6054
6061
6109
6116
6168
6179
6189
6204
6216
6226
6231
6237
6301
6312
6321
6354
6418
6420
6434
6446
6447
6456
6507
6511
6516
6528
6584
6606
6621
6667
6694
6716
6728
6782
6785
6824
6847
6861
6864
6907
6919
6940
6946
6959
6970
7085
7090
7096
7102
7119
7131
7157
7161
7176
7194
7207
7209
7219
7238
7239
7241
7242
7246
7264
7266
7278
7300
7303
7366
7378
7438
7458
7470
7489
7510
7538
7549
7563
7591
7654
7658
7673
7679
7689
7695
7697
7699
7736
7744
7780
7784
7788
7804
7806
7810
7812
7815
7839
7841
7849
7933
7953
7979
7998
8037
8039
8047
8048
8069
8108
8112
8139
8148
8172
8190
8201
8223
8235
8267
8275
8293
8310
8320
8340
8354
8364
8385
8392
8414
8426
8442
8479
8492
8514
8554
8574
8577
8591
8603
8618
8630
8658
8673
8681
8707
8741
8750
8757
8792
8804
8821
8822
8833
8848
8866
8891
8918
8920
8930
8955
8964
8974
9000
9007
9081
9094
9126
9141
9173
9234
9283
9292
9294
9300
9302
9315
9321
9329
9361
9362
9382
9475
9516
9519
9526
9541
9544
9552
9569
9575
9594
9629
9631
9638
9655
9658
9663
9666
9684
9687
9723
9737
9741
9766
9803
9828
9841
9908
9944
9973
9974
9981
10002
10005
10006
10007
10012
10017
10040
10051
10077
10089
10096
10135
10144
10147
10152
10199
10231
10237
10247
10262
10265
10267
10291
10297
10324
10327
10330
10338
10360
10387
10447
10485
10498
10499
10508
10510
10519
10528
10538
10540
10542
10549
10568
10577
10589
10598
10599
10606
10612
10614
10686
10728
10802
10902
10907
10908
10927
10957
10967
10976
10989
10992
11004
11051
11058
11065
11081
11096
11098
11109
11111
11120
11133
11138
11195
11227
11230
11239
11242
11307
11313
11368
11370
11385
11419
11441
11487
11501
11525
11598
11616
11621
11660
11685
11711
11728
11733
11742
11750
11766
11767
11843
11864
11884
11897
11931
11954
11971
11973
11982
11991
11992
12038
12079
12104
12131
12139
12153
12201
12204
12225
12229
12232
12265
12271
12277
12280
12281
12293
12294
12305
12315
12316
12330
12335
12342
12344
12372
12384
12408
12412
12422
12496
12508
12512
12514
12515
12517
12518
12524
12603
12606
12607
12620
12621
12630
12635
12639
12665
12709
12716
12730
12731
12767
12809
12811
12816
12826
12834
12842
12853
12880
12895
12898
12911
12918
12925
12955
12958
12986
12991
12996
13033
13036
13037
13080
13098
13102
13109
13126
13127
13151
13200
13217
13249
13252
13271
13303
13349
13352
13358
13366
13371
13376
13413
13429
13467
13484
13520
13585
13615
13638
13649
13663
13691
13725
13726
13727
13730
13758
13769
13783
13798
13825
13872
13909
13930
13990
13994
13998
14020
14028
14030
14060
14079
14088
14114
14128
14136
14141
14159
14174
14177
14178
14271
14297
14307
14351
14367
14377
14393
14394
14395
14402
14406
14427
14501
14510
14525
14534
14550
14560
14568
14570
14606
14669
14675
14676
14678
14716
14719
14727
14738
14764
14767
14772
14778
14801
14816
14891
14906
14936
14941
14959
14982
14989
15034
15042
15062
15070
15077
15082
15122
15134
15139
15149
15155
15160
15178
15183
15189
15192
15255
15265
15277
15291
15306
15317
15318
15319
15320
15341
15372
15422
15425
15453
15480
15525
15550
15557
15608
15641
15642
15690
15694
15710
15723
15743
15753
15757
15765
15844
15847
15851
15884
15893
15896
15908
15946
15947
15948
15950
15954
15961
15976
15996
16018
16021
16023
16028
16042
16047
16051
16056
16062
16077
16083
16088
16089
16135
16138
16142
16194
16255
16272
16275
16292
16334
16371
16383
16397
16424
16438
16439
16488
16490
16502
16503
16504
16506
16511
16533
16540
16584
16591
16625
16639
16654
16662
16667
16676
16739
16768
16771
16785
16844
16849
16881
16894
16910
16918
16984
16998
17015
17073
17081
17082
17084
17105
17123
17131
17146
17161
17170
17172
17198
17212
17225
17244
17264
17270
17271
17303
17333
17335
17338
17340
17351
17372
17381
17420
17429
17471
17476
17490
17498
17501
17531
17532
17533
17536
17550
17553
17585
17587
17609
17611
17630
17631
17635
17647
17650
17656
17676
17695
17754
17761
17778
17781
17788
17807
17832
17842
17876
17967
17969
17990
18011
18037
18058
18095
18131
18136
18139
18227
18244
18260
18304
18316
18326
18327
18390
18408
18411
18426
18429
18443
18447
18451
18459
18462
18493
18502
18520
18523
18545
18576
18577
18585
18589
18648
18649
18656
18674
18688
18725
18728
18749
18750
18751
18797
18823
18829
18832
18839
18852
18853
18874
18890
18901
18906
18919
18920
18943
18949
18969
18972
18973
18998
19000
19006
19038
19048
19063
19070
19080
19112
19113
19129
19131
19133
19198
19230
19246
19249
19250
19280
19342
19343
19359
19360
19373
19387
19392
19402
19418
19425
19428
19549
19564
19585
19620
19623
19668
19702
19717
19731
19735
19761
19771
19776
19779
19781
19789
19792
19815
19816
19823
19835
19837
19842
19850
19856
19865
19867
19876
19894
19895
19923
19925
19943
19966
19985
20014
20036
20042
20044
20047
20048
20053
20058
20080
20085
20115
20116
20151
20152
20177
20185
20189
20219
20221
20228
20243
20263
20343
20361
20379
20387
20400
20401
20402
20423
20427
20430
20446
20474
20481
20517
20532
20533
20576
20594
20605
20613
20616
20625
20633
20671
20680
20774
20808
20814
20823
20824
20827
20839
20841
20852
20856
20864
20866
20890
20936
20943
20946
20956
20967
21015
21032
21033
21055
21060
21085
21090
21136
21150
21170
21174
21180
21183
21186
21207
21216
21226
21232
21252
21312
21323
21327
21331
21334
21337
21353
21364
21383
21386
21426
21455
21458
21480
21559
21589
21593
21595
21598
21601
21607
21624
21625
21664
21684
21693
21714
21750
21776
21791
21799
21802
21820
21822
21824
21858
21905
21916
21944
21945
21986
21987
22036
22046
22133
22166
22171
22212
22222
22262
22291
22295
22302
22346
22347
22353
22368
22401
22420
22421
22456
22473
22516
22544
22558
22564
22579
22582
22588
22596
22630
22639
22671
22686
22688
22695
22701
22716
22721
22725
22729
22754
22755
22762
22787
22813
22842
22854
22866
22869
22882
22891
22905
22906
22923
22933
22985
23031
23049
23069
23071
23093
23095
23138
23140
23154
23187
23212
23220
23221
23233
23268
23293
23296
23321
23333
23337
23350
23367
23383
23388
23391
23411
23438
23445
23450
23454
23457
23460
23485
23503
23506
23514
23523
23538
23540
23559
23561
23583
23598
23601
23605
23628
23635
23669
23740
23763
23765
23823
23844
23861
23877
23900
23972
23974
24013
24022
24026
24059
24061
24083
24101
24106
24161
24166
24177
24193
24218
24219
24237
24268
24274
24281
24290
24300
24422
24437
24447
24464
24478
24489
24491
24495
24539
24589
24621
24626
24628
24638
24675
24685
24712
24731
24732
24737
24742
24774
24777
24800
24804
24834
24848
24860
24948
25002
25009
25020
25021
25049
25054
25061
25075
25088
25098
25105
25111
25126
25129
25135
25169
25202
25205
25239
25271
25275
25320
25334
25397
25417
25425
25436
25446
25452
25476
25491
25498
25501
25518
25531
25537
25546
25551
25563
25578
25606
25646
25696
25764
25770
25779
25790
25810
25838
25842
25843
25847
25848
25859
25863
25868
25869
25887
25908
25914
25921
25933
25940
25944
25970
25978
25993
25995
26001
26003
26011
26035
26074
26094
26102
26142
26147
26158
26176
26179
26187
26262
26279
26300
26303
26317
26318
26321
26370
26374
26380
26390
26403
26426
26450
26507
26586
26600
26605
26612
26648
26662
26681
26716
26778
26784
26799
26836
26859
26917
26932
26986
27025
27032
27057
27080
27087
27116
27126
27134
27149
27157
27253
27292
27327
27338
27364
27368
27372
27390
27426
27435
27498
27518
27546
27562
27566
27567
27577
27593
27633
27643
27654
27675
27682
27729
27737
27743
27746
27757
27771
27773
27780
27786
27790
27806
27820
27836
27868
27874
27891
27896
27898
27926
27942
27956
27957
27966
27972
27978
27979
27980
27988
28002
28058
28111
28133
28145
28183
28209
28239
28252
28262
28265
28271
28273
28304
28335
28405
28414
28434
28486
28513
28561
28564
28591
28607
28614
28622
28671
28708
28709
28717
28765
28772
28774
28805
28806
28815
28820
28849
28858
28865
28883
28889
28898
28902
28904
28908
28911
28913
28923
28931
28933
28939
28966
28990
28998
29009
29011
29033
29035
29059
29062
29068
29135
29148
29160
29165
29167
29183
29186
29214
29215
29307
29318
29320
29327
29331
29334
29342
29371
29383
29388
29389
29424
29434
29437
29441
29446
29475
29477
29489
29540
29548
29551
29572
29583
29592
29636
29637
29644
29664
29682
29686
29706
29707
29713
29720
29721
29724
29802
29841
29863
29876
29884
29891
29895
29902
29954
29963
30011
30014
30020
30036
30042
30059
30084
30085
30104
30105
30121
30144
30161
30163
30165
30166
30173
30197
30207
30214
30240
30263
30265
30268
30270
30309
30325
30337
30342
30354
30388
30395
30409
30417
30422
30433
30440
30479
30493
30509
30532
30561
30569
30580
30592
30679
30686
30687
30721
30748
30813
30817
30829
30833
30853
30859
30861
30937
30938
30940
30944
30976
31019
31027
31069
31084
31085
31087
31088
31095
31178
31206
31232
31261
31262
31263
31266
31268
31273
31278
31306
31308
31311
31340
31344
31403
31432
31469
31476
31493
31495
31522
31528
31543
31572
31593
31605
31606
31612
31620
31638
31657
31665
31720
31725
31729
31761
31815
31827
31828
31844
31846
31868
31889
31921
31972
31975
32019
32032
32045
32056
32060
32062
32066
32068
32126
32133
32135
32142
32238
32263
32278
32312
32334
32358
32365
32373
32403
32405
32417
32431
32522
32532
32534
32578
32598
32610
32612
32615
32618
32631
32632
32643
32745
32813
32828
32843
32847
32855
32857
32875
32886
32957
32980
33010
33014
33015
33018
33062
33078
33098
33102
33147
33159
33161
33172
33176
33182
33197
33221
33239
33271
33273
33316
33352
33357
33370
33371
33426
33430
33454
33459
33484
33498
33502
33505
33540
33546
33566
33572
33624
33660
33691
33732
33746
33754
33770
33784
33787
33811
33820
33842
33849
33857
33860
33897
33902
33911
33936
33938
33959
34083
34100
34111
34136
34145
34156
34157
34189
34200
34202
34204
34210
34273
34311
34320
34333
34353
34374
34387
34412
34427
34437
34444
34451
34476
34479
34483
34486
34497
34520
34550
34580
34588
34595
34602
34607
34630
34638
34640
34644
34658
34693
34702
34775
34780
34784
34842
34885
34937
34938
34944
34958
34970
34983
34984
35001
35068
35096
35109
35111
35119
35120
35125
35135
35163
35179
35228
35230
35241
35278
35283
35288
35292
35303
35338
35343
35432
35434
35435
35436
35466
35478
35481
35505
35513
35533
35537
35547
35578
35584
35594
35711
35716
35771
35775
35778
35780
35788
35790
35792
35809
35836
35859
35862
35870
35874
35884
35885
35887
35919
35941
35956
35961
35981
36042
36087
36088
36089
36143
36189
36235
36259
36281
36314
36315
36338
36349
36353
36365
36367
36400
36411
36416
36444
36451
36459
36462
36479
36504
36533
36580
36593
36599
36600
36603
36604
36607
36619
36631
36632
36644
36658
36663
36674
36675
36685
36687
36693
36694
36728
36755
36760
36859
36893
36900
36917
36938
36953
36954
36983
37029
37043
37048
37057
37136
37142
37151
37158
37159
37170
37199
37226
37237
37245
37250
37270
37283
37290
37308
37319
37334
37336
37347
37371
37387
37389
37426
37439
37442
37454
37460
37467
37479
37482
37569
37571
37622
37639
37640
37643
37656
37680
37689
37774
37834
37849
37860
37869
37872
37891
37894
37904
37934
37938
37947
37966
37976
37981
37982
37987
37989
38004
38006
38021
38026
38030
38098
38117
38118
38177
38194
38196
38212
38240
38245
38256
38283
38329
38337
38357
38366
38375
38380
38383
38388
38419
38422
38426
38437
38453
38469
38470
38480
38483
38507
38513
38520
38542
38549
38556
38558
38559
38600
38603
38615
38620
38639
38678
38687
38701
38718
38731
38732
38743
38770
38812
38817
38830
38832
38841
38868
38873
38893
38937
38940
38941
38964
38965
38970
38973
38980
38986
38989
38998
39003
39033
39049
39054
39058
39110
39129
39153
39157
39158
39215
39221
39246
39255
39265
39269
39287
39364
39375
39378
39394
39406
39411
39441
39455
39457
39466
39467
39482
39490
39580
39583
39585
39625
39636
39643
39737
39745
39805
39834
39844
39860
39870
39872
39898
39910
39913
39931
39976
40000
40015
40023
40043
40046
40048
40082
40091
40096
40098
40104
40107
40124
40137
40168
40186
40191
40230
40260
40264
40279
40287
40296
40304
40310
40338
40361
40367
40378
40395
40415
40442
40447
40468
40520
40529
40541
40566
40568
40580
40584
40603
40615
40617
40684
40689
40708
40772
40800
40805
40807
40811
40816
40819
40825
40826
40828
40926
40934
40946
40948
40958
40985
41021
41050
41052
41076
41101
41102
41126
41129
41147
41149
41168
41171
41188
41192
41199
41201
41300
41311
41332
41338
41360
41362
41368
41386
41403
41406
41414
41416
41421
41425
41446
41455
41459
41463
41496
41501
41528
41580
41601
41616
41650
41660
41693
41700
41706
41709
41734
41795
41796
41799
41801
41819
41826
41844
41855
41863
41871
41887
41890
41892
41937
41940
41963
41967
41998
42055
42059
42062
42074
42117
42130
42135
42140
42146
42148
42168
42186
42200
42204
42206
42207
42227
42229
42235
42280
42311
42312
42314
42333
42369
42384
42391
42400
42458
42473
42502
42505
42508
42511
42519
42523
42568
42589
42590
42616
42627
42639
42671
42690
42700
42722
42745
42746
42756
42764
42765
42779
42887
42889
42890
42900
42901
42905
42924
42930
42936
42995
42999
43007
43026
43035
43039
43072
43108
43129
43148
43164
43173
43255
43257
43272
43300
43302
43303
43319
43321
43330
43350
43351
43353
43375
43404
43497
43530
43542
43546
43582
43588
43598
43641
43678
43680
43712
43733
43769
43789
43797
43805
43849
43857
43859
43924
43931
43973
44001
44022
44052
44053
44056
44071
44115
44151
44218
44281
44296
44303
44325
44333
44335
44357
44386
44388
44395
44440
44445
44470
44642
44661
44709
44721
44747
44753
44757
44784
44785
44791
44794
44822
44825
44827
44828
44850
44854
44873
44878
44903
44915
45013
45034
45038
45048
45050
45067
45098
45146
45151
45170
45184
45186
45205
45209
45216
45239
45258
45280
45313
45343
45376
45391
45399
45406
45407
45419
45423
45431
45458
45470
45477
45493
45512
45514
45518
45529
45533
45549
45557
45579
45600
45607
45621
45673
45678
45686
45708
45714
45731
45760
45767
45773
45804
45805
45819
45820
45822
45826
45827
45830
45846
45863
45877
45922
45924
45931
45933
45937
45968
45969
45970
45974
45995
46003
46023
46066
46076
46118
46154
46156
46160
46169
46174
46182
46216
46324
46374
46376
46398
46439
46450
46452
46475
46483
46499
46515
46529
46543
46567
46630
46678
46684
46686
46695
46699
46703
46706
46730
46735
46736
46740
46779
46780
46781
46877
46896
46898
46927
46931
46987
47002
47004
47011
47033
47038
47085
47125
47176
47190
47196
47197
47218
47282
47300
47304
47313
47343
47344
47352
47354
47355
47368
47369
47377
47428
47446
47454
47574
47598
47614
47656
47667
47716
47730
47748
47769
47770
47773
47842
47853
47854
47895
47899
47911
47921
47936
47951
47970
47974
47978
47982
47989
48028
48068
48109
48114
48136
48166
48167
48182
48185
48214
48215
48237
48312
48328
48348
48366
48374
48379
48399
48432
48435
48507
48544
48559
48566
48601
48606
48624
48638
48642
48644
48648
48689
48708
48712
48735
48739
48740
48760
48765
48775
48805
48828
48904
48912
48918
48929
48939
48942
48955
48973
48978
48999
49007
49026
49037
49049
49069
49076
49096
49097
49123
49128
49135
49139
49160
49168
49170
49176
49183
49189
49193
49209
49255
49268
49277
49281
49294
49296
49348
49359
49370
49379
49390
49397
49401
49417
49437
49438
49466
49469
49475
49536
49563
49565
49582
49587
49624
49642
49690
49713
49714
49718
49729
49743
49787
49810
49824
49827
49843
49844
49867
49871
49874
49896
49934
49937
49951
49958
49981
50018
50033
50043
50061
50066
50067
50088
50089
50108
50112
50126
50137
50150
50151
50173
50174
50190
50209
50213
50216
50224
50252
50267
50270
50271
50278
50291
50306
50315
50321
50346
50349
50351
50353
50443
50473
50490
50532
50543
50548
50552
50574
50578
50584
50618
50706
50725
50736
50742
50761
50778
50780
50791
50804
50824
50825
50835
50878
50886
50893
50897
50914
50931
50955
50995
51015
51016
51060
51065
51068
51121
51128
51129
51134
51144
51147
51149
51161
51216
51274
51280
51283
51345
51353
51379
51392
51398
51399
51406
51460
51510
51520
51538
51554
51556
51573
51589
51607
51611
51656
51746
51782
51790
51792
51812
51877
51882
51950
51987
52006
52011
52017
52019
52026
52044
52051
52091
52099
52108
52175
52210
52215
52217
52226
52241
52242
52275
52286
52307
52319
52395
52427
52451
52455
52461
52487
52489
52494
52513
52528
52561
52579
52587
52591
52639
52647
52649
52651
52653
52665
52686
52724
52730
52732
52734
52750
52766
52790
52794
52795
52821
52825
52853
52866
52885
52899
52918
52935
52957
52974
52975
53009
53032
53061
53066
53068
53071
53072
53098
53102
53149
53177
53186
53191
53192
53240
53254
53262
53303
53329
53335
53345
53362
53368
53376
53380
53403
53419
53424
53433
53452
53457
53465
53481
53504
53505
53529
53536
53539
53542
53543
53550
53564
53570
53585
53612
53618
53626
53630
53631
53635
53637
53661
53662
53726
53730
53746
53801
53804
53808
53847
53851
53878
53903
53910
53918
53924
53976
53978
54009
54014
54017
54027
54038
54047
54066
54074
54075
54165
54205
54236
54276
54283
54291
54292
54297
54312
54359
54400
54428
54431
54449
54496
54520
54526
54540
54545
54566
54568
54595
54611
54623
54676
54779
54823
54865
54866
54873
54877
54878
54891
54927
54930
54940
54954
54993
55041
55055
55077
55113
55123
55124
55135
55142
55183
55185
55209
55231
55248
55254
55263
55268
55372
55390
55403
55414
55463
55492
55494
55537
55566
55592
55598
55601
55614
55620
55625
55631
55635
55668
55694
55704
55708
55790
55799
55802
55807
55857
55859
55863
55867
55902
55918
55941
55982
55986
55990
55996
56056
56073
56080
56094
56117
56160
56163
56187
56210
56236
56243
56279
56284
56286
56290
56298
56300
56351
56419
56425
56428
56451
56469
56482
56495
56517
56525
56537
56543
56558
56567
56572
56604
56614
56628
56651
56658
56662
56668
56690
56694
56701
56707
56729
56731
56733
56738
56788
56879
56891
56897
56901
56928
56937
56945
56969
57001
57016
57039
57048
57106
57123
57131
57145
57148
57233
57251
57304
57315
57326
57329
57331
57390
57399
57412
57416
57440
57444
57455
57475
57531
57538
57540
57565
57586
57604
57607
57664
57670
57681
57708
57710
57735
57738
57755
57757
57783
57814
57821
57836
57837
57867
57868
57870
57885
57886
57929
57932
57934
57936
57941
57965
57970
57977
58010
58012
58033
58037
58087
58094
58105
58134
58144
58146
58169
58174
58178
58204
58223
58235
58241
58248
58258
58267
58293
58296
58314
58353
58382
58446
58465
58497
58528
58556
58560
58578
58621
58632
58636
58639
58656
58686
58696
58704
58712
58720
58724
58734
58738
58741
58751
58775
58781
58794
58834
58866
58881
58901
58941
58968
59009
59014
59028
59032
59052
59095
59102
59107
59142
59154
59161
59176
59226
59234
59240
59248
59253
59254
59259
59294
59337
59360
59392
59394
59403
59456
59460
59493
59516
59521
59558
59604
59629
59637
59647
59669
59682
59690
59734
59745
59746
59789
59797
59799
59840
59851
59874
59912
59931
59940
59948
59973
59999
60007
60017
60030
60047
60050
60110
60141
60143
60172
60181
60230
60326
60360
60371
60406
60412
60418
60434